!	(67,29),(49,19),(16,19),(64,18),
$249	(7,45),
$349	(7,51),
.	(48,11),(17,13),(21,10),(4,9),(57,20),(39,15),(38,12),(63,7),(31,9),(20,15),(22,8),(53,15),(18,18),(40,13),(14,20),(37,8),(52,11),(35,22),(41,11),(19,20),(36,52),(60,9),(13,22),(61,11),(42,18),(66,10),(24,10),(30,13),(43,10),(12,13),(51,20),(11,37),(25,12),(29,26),(5,27),(33,33),(2,10),(56,18),(1,10),(44,21),(50,28),(10,27),(55,22),(6,12),(34,56),(69,28),(45,11),(26,18),(62,14),(9,12),(58,36),(59,7),(46,22),(8,12),(54,19),(7,57),(47,9),(27,22),(28,11),(32,8),
1	(66,9),
2gb	(46,12),
2nd	(46,10),(54,16),(42,15),(41,8),
30GB	(7,48),
3rd	(50,13),
4	(38,4),(36,43),
5	(36,45),
5G	(7,1),
5GB	(8,1),
5th	(50,17),(54,9),
6	(8,11),(16,11),
8	(48,1),
80GB	(7,55),
8gb	(1,9),
APPLES	(45,9),
Also,	(13,1),
Apple	(17,9),(18,12),
Apple's	(19,3),
BATTERY	(45,2),
Battery	(39,1),(25,1),(67,2),(4,1),(46,1),(63,1),(24,1),(59,1),(10,1),(26,1),(32,1),
But	(62,1),
Christmas	(24,8),(26,17),
Compact,	(67,5),
DONT	(45,6),
Decent	(64,4),
Def	(49,13),
Definitely	(10,5),
EASY,	(45,4),
Easy	(58,1),(67,6),
Gen	(41,9),
Great	(58,4),(67,12),
I	(18,7),(19,1),(33,13),(5,1),(1,4),(22,4),(4,5),(2,1),(9,5),(50,8),(34,49),(44,3),(16,6),(46,3),(18,1),(69,1),(10,13),(34,3),(10,21),(54,5),(45,5),(51,1),(58,13),(11,17),(29,19),
I'm	(58,23),(5,11),
I've	(34,15),(34,29),
IT	(16,18),
It	(28,1),
It's	(12,6),
LCD	(39,7),
LIBRARY	(45,10),
LIFE,SCRATCHES	(45,3),
LIKE	(45,7),
LOVES	(16,17),
Life	(46,2),(26,2),
Life,	(67,3),
Long	(67,1),(40,1),(64,1),
Lots	(67,14),
Make	(20,1),
My	(68,1),(42,1),
Nano	(56,3),(41,10),
One	(34,1),
Overall,	(53,1),
Pedometer	(21,2),
Performance,	(67,11),
Price	(17,1),
Product	(26,3),
Received	(24,5),
Reliable	(67,10),
SHORT	(45,1),
Scratches	(60,1),
Set	(67,8),
Shorter	(33,1),
Sleek	(67,4),
So,	(52,1),
Sound,	(67,13),
Standard	(49,12),
Storage	(67,16),
THE	(45,8),
The	(7,18),(56,1),(17,4),(61,1),(30,1),(41,1),(43,1),(11,1),(65,1),(47,1),(21,1),
Then	(66,1),
This	(29,9),
Thought	(29,1),
To	(67,7),
Up,	(67,9),
Very	(57,1),
Watching	(31,1),
When	(14,1),(33,12),
a	(14,8),(24,7),(11,14),(11,5),(11,30),(62,5),(56,5),(7,3),(48,6),(21,7),(69,6),(38,9),(34,53),(44,8),(10,17),(10,9),(54,12),(19,17),(36,28),(40,9),(58,33),(27,11),(52,9),(27,16),(69,14),(33,17),(7,25),(36,48),(64,8),
able	(7,12),
about	(36,42),(66,8),
accurate,	(21,5),
addition	(58,35),
advertised	(26,7),
after	(5,16),
all	(68,15),(56,14),(36,21),(50,5),
almost	(53,2),
also	(55,4),
always	(55,19),
amazing	(12,12),
amazing,	(10,4),
an	(1,8),(69,9),(50,10),(35,6),
and	(28,6),(34,20),(69,26),(7,50),(7,28),(8,2),(27,18),(67,22),(7,10),(50,15),(60,3),(26,8),(11,26),(44,11),(35,10),(30,5),(58,22),(43,5),(35,19),(36,6),(64,14),(40,4),(65,6),(16,15),(39,5),(39,11),
any	(31,2),
appealing	(7,37),
apple	(50,11),
as	(34,26),(54,11),(32,6),(43,8),(44,7),(61,7),(44,19),(26,6),(29,18),(50,23),(50,21),(69,5),(34,28),(24,6),(61,5),(42,10),(42,12),
aspect	(7,38),
at	(68,14),
attention	(33,28),
audio	(33,31),
auto	(44,18),
awsome	(35,7),(36,8),
bad	(63,6),(47,3),
bad,	(63,4),
basically	(17,6),
battery	(14,11),(69,25),(2,8),(3,2),(54,1),(53,13),(5,6),(55,13),(52,3),(51,10),(50,1),(7,31),(49,11),(56,8),(68,10),(48,9),(8,5),(47,7),(11,2),(44,14),(12,4),(13,3),(43,2),(42,7),(66,5),(41,2),(57,14),(15,5),(1,2),(16,4),(40,2),(65,8),(17,2),(18,17),(38,2),(37,2),(58,7),(20,7),(64,2),(21,8),(22,2),(36,17),(23,8),(35,2),(27,2),(34,43),(28,9),(29,5),(34,12),(60,5),(30,2),(62,3),(31,6),(61,2),(33,2),
battery,	(19,11),(9,1),
battery,scratch	(6,10),
be	(61,10),(59,5),(29,23),(13,21),
because	(46,15),(10,20),
becuase	(50,3),
before	(29,7),
beginners	(27,7),
better	(32,5),(8,4),(7,29),
big	(52,8),(36,49),
birthday	(44,9),
bit	(62,7),
bought	(67,17),(46,4),(44,4),(69,2),
brighter	(7,26),
built	(27,19),
burned	(58,31),
but	(11,16),(69,17),(62,9),(49,16),(7,33),(13,11),(34,14),(25,5),(12,10),(36,30),(29,14),(55,7),(21,6),
button	(5,21),
calories	(58,30),
cam	(49,5),
camera	(65,3),(27,17),(33,7),(64,5),
can	(58,14),
car,	(6,4),
case	(10,10),
caught	(33,26),
changing	(37,6),
charge	(34,34),
charged	(34,17),
charger	(44,15),
charges	(44,2),
christmas	(14,19),(35,8),
classic,	(69,11),
clear	(39,10),
cold	(30,11),
color	(9,8),
complaint	(68,3),(42,3),
computer	(34,32),(34,25),
constantly	(36,35),
control	(5,20),
convenient	(20,10),
day	(36,22),(51,17),
deal	(36,50),(52,10),
device,	(64,10),
die	(30,8),
dies	(41,3),(30,3),
directions	(40,6),
display	(39,8),
do	(18,2),(36,38),
doen't	(34,33),
does	(60,6),(17,7),(17,12),
doesn't	(68,11),(42,8),(12,1),(11,3),
doing	(11,35),
don't	(4,6),
dont	(36,13),(36,25),
down	(5,26),
drain	(5,9),
drains	(55,11),(4,2),(31,4),
due	(56,12),
dummie	(9,3),
easily	(60,2),
easily,	(16,2),
easy	(64,15),(39,12),(40,5),(35,16),(57,2),(28,3),
either	(34,37),
endurance	(29,16),
enough	(13,8),
especially	(11,8),
even	(4,3),(5,15),
eventually	(18,14),
exact	(14,16),
exactly	(26,5),
excellent	(64,11),(39,4),
except	(2,5),
exchange	(19,14),
exercise	(58,25),
expect	(29,20),
fact	(58,11),
far	(34,27),
faster	(41,4),
favorite	(58,19),(26,13),
feature	(21,3),
features	(56,17),(50,7),
filled	(46,17),
find	(66,3),
first	(36,4),(29,12),(12,8),(33,23),(33,14),
for	(7,52),(8,8),(51,13),(7,46),(2,6),(10,11),(67,19),(69,8),(54,14),(49,6),(44,16),(19,16),(13,9),(64,6),(14,18),(38,8),(16,9),
found	(51,4),
freezes	(54,3),
from	(10,24),(1,7),
full	(51,16),
gains	(7,20),
gen	(54,17),(42,16),(46,11),(54,10),
generation	(50,14),
genteration	(50,18),
get	(10,16),(10,8),(18,11),
gift	(26,14),(44,10),(24,9),
good	(62,13),(23,1),(59,6),(6,7),(11,31),(34,9),(50,22),(15,1),
got	(14,14),(54,7),
great	(28,8),(69,15),(35,21),(6,1),(58,34),(38,6),(27,12),(38,10),(65,5),(57,12),(43,4),
great,	(25,4),
greater	(34,47),
gym	(67,21),
had	(50,9),
has	(28,7),(56,4),(69,19),
have	(51,2),(55,16),(29,3),(18,9),
he	(16,16),
highly	(25,10),
hours	(36,46),(38,5),(48,2),
huge	(7,54),
i	(36,12),(14,13),(46,16),(36,37),(35,11),
i'm	(13,12),
iPOD	(29,13),
iPod	(14,17),(17,5),(9,11),(10,19),(20,14),(19,19),(7,19),
iPod,	(7,6),(33,21),(33,6),
iPods	(34,40),
idea	(19,4),
if	(36,31),(34,51),(4,4),(55,14),(36,23),(49,2),(29,15),
improvements,	(7,23),
in	(30,10),(55,18),(58,16),(6,2),(27,20),(33,9),
including	(7,24),
inconvenient	(33,10),(20,3),
incremental	(7,22),
instead	(19,7),
into	(58,24),
ipod	(44,6),(50,12),(36,5),(46,6),(27,9),(46,13),(2,4),
ipod,	(12,9),
is	(58,32),(27,10),(62,11),(43,3),(39,3),(52,5),(26,4),(61,3),(24,3),(33,8),(36,2),(32,3),(42,4),(50,19),(36,15),(39,9),(55,3),(7,39),(62,4),(68,7),(34,45),(48,5),(29,17),(47,5),(29,10),(28,2),(63,3),(19,5),
isn't	(10,3),(25,3),
it	(36,19),(49,9),(37,7),(35,13),(36,27),(19,15),(11,27),(55,10),(13,17),(36,34),(36,39),(4,8),(18,5),(20,9),(67,23),(62,10),(17,11),(55,17),(61,8),(34,18),(14,6),(10,12),(20,2),(67,18),
it's	(69,21),(12,11),(47,6),
it,	(5,14),
item	(27,14),
its	(7,14),(35,14),(36,7),
just	(67,25),(13,18),(54,6),(53,4),(11,18),
keep	(37,5),
kills	(49,10),
kind	(27,5),
last	(42,9),(51,12),(60,8),(29,25),(68,12),(36,41),(11,4),
lasts	(38,3),(11,28),(36,20),(57,15),(66,7),
length	(11,32),
less	(48,4),
lies	(7,2),
life	(35,3),(25,2),(63,2),(24,2),(36,18),(22,3),(1,3),(34,44),(39,2),(16,5),(40,3),(59,2),(14,12),(28,10),(13,4),(12,5),(29,6),(10,2),(8,6),(47,8),(48,10),(56,9),(51,11),(32,2),(53,14),(33,3),(2,9),
life,	(58,8),(54,2),(7,32),(50,2),(34,13),(64,3),(27,3),
life,have	(37,3),
light	(23,5),(15,3),
light,	(6,5),
lightweight,	(57,8),
like	(55,9),(36,14),(18,4),(22,5),(36,36),
likely	(56,11),
listen	(11,19),
listened	(33,15),
little	(62,6),
long	(13,7),(58,6),(6,9),(15,4),(42,11),(11,6),(49,7),(68,13),(3,1),(23,7),
longer	(29,4),(57,17),
lot	(14,9),(36,29),
love	(2,2),(9,6),(58,9),(57,5),(35,12),
make	(40,7),(20,8),
many	(7,21),(7,7),
mature	(7,5),
me	(11,29),(13,20),
me,	(13,10),
memory	(46,20),
might	(13,19),
mini	(10,26),
mode	(55,21),
more	(7,4),(48,7),(7,11),
most	(7,36),(11,22),(56,10),
moved	(1,5),
much	(57,16),(32,4),
music	(11,21),
my	(33,27),(34,39),(58,18),(36,3),(46,9),(12,7),(29,11),(26,11),(54,15),(34,31),(42,13),(29,24),(16,10),(41,6),
nano	(54,18),(69,4),(42,17),
nano,	(46,14),
need	(10,6),
new	(13,13),(56,16),(27,13),(10,18),(56,2),
newer	(19,18),
nice	(57,10),(55,6),
not	(61,4),(34,7),(60,7),(51,3),(52,6),(9,2),(5,12),(27,4),(29,22),(18,3),(36,47),
noticed	(34,4),
numbering	(50,25),
of	(67,15),(53,12),(14,10),(34,38),(50,4),(11,23),(11,33),(9,9),(51,18),(7,44),(19,8),
off	(5,23),
old	(33,5),(16,13),(7,17),
older	(69,10),
on	(34,23),(55,20),(33,19),(69,23),
once	(34,19),
one	(51,15),(51,5),
one's	(46,19),
one,	(7,15),
only	(68,2),(5,2),(36,10),(36,40),(66,6),(34,16),(47,2),(51,14),(42,2),
or	(11,12),(53,7),(48,3),(36,44),
other	(25,6),(51,7),
out	(53,6),(53,11),
outlet	(34,55),
past	(26,16),
pedometer	(55,2),(58,28),
pedometer,	(57,7),
perfect	(53,3),
pictures,	(12,3),
points	(7,43),
portable	(15,6),(23,6),
portable,	(6,6),
possibly	(34,46),
present	(35,9),
previous	(41,7),(42,14),
price	(38,11),(7,42),
probably	(7,34),(26,10),
product	(68,6),(38,7),(22,7),
proof	(9,4),
purchased	(16,7),(44,12),
quality	(23,2),(33,32),(15,2),(64,13),
quality,	(6,8),
quicker	(30,9),
quickly	(31,8),(30,4),
radio	(14,5),(58,20),
rated	(8,7),
real	(63,5),
realistic	(48,8),
really	(35,15),
recharge	(29,8),
recommend	(25,11),
recording	(11,11),
recording,	(49,15),
replace	(18,15),(20,12),(46,8),(20,5),
replacement	(17,3),(54,13),(69,7),
replacing	(19,9),
resistant	(3,4),(6,11),(23,4),(15,8),
right	(67,27),
run	(53,10),
says	(17,10),
scratch	(3,3),(23,3),(15,7),
scratches	(16,1),
screen	(43,7),(7,27),(69,27),
screen,	(57,11),
see	(39,14),
seems	(30,6),(55,8),(59,3),(21,4),(5,7),
seen	(34,30),
sharp	(49,18),
shipping	(44,1),
shoes	(49,1),
short	(1,1),(16,3),(22,1),(24,4),(37,1),(56,7),
shortened	(27,1),
should	(61,9),
shutting	(5,25),
sliding	(5,17),
small	(64,9),
snap	(40,10),
so	(34,8),(58,26),(34,41),(13,16),
son	(16,14),
song	(33,18),
sound	(64,12),
sound,	(58,5),(57,13),
sounds	(35,20),
speaker	(27,21),
spot	(33,11),
stated	(57,19),
station,	(58,21),
steps	(7,8),
still	(49,17),
strong	(61,6),
such	(64,7),
suggest	(50,27),
take	(12,2),
taken	(69,20),
tantalizing	(7,41),
than	(51,8),(41,5),(33,4),(25,7),(57,18),(7,13),(34,48),
that	(19,6),(58,12),(46,18),(11,36),(13,6),(34,21),(52,7),(68,8),(33,25),(34,5),(42,5),(18,6),
that,	(25,8),
the	(66,4),(13,2),(14,4),(55,12),(52,2),(69,24),(54,8),(51,9),(50,24),(50,16),(50,6),(5,5),(56,15),(44,17),(44,13),(5,18),(57,6),(43,6),(42,6),(39,6),(38,1),(58,10),(6,3),(36,16),(36,9),(2,7),(69,3),(58,27),(35,1),(34,42),(7,35),(7,40),(34,24),(34,11),(68,9),(60,4),(33,30),(7,47),(33,22),(7,53),(31,5),(8,3),(62,2),(67,26),(55,1),(9,7),(67,20),(22,6),(20,13),(20,6),(10,25),(19,10),(18,16),(11,24),(65,7),
thin,	(57,9),
thing	(51,6),(36,11),(34,2),(52,4),(47,4),(33,24),
think	(19,2),
this	(35,4),(26,15),(33,20),(36,1),(2,3),(40,8),(44,5),(46,5),(14,15),(68,5),(13,15),(27,8),(9,10),(16,8),
though	(36,51),
thought	(34,50),
time	(11,34),(11,7),(69,18),(11,25),
time,	(49,8),
to	(10,15),(33,16),(57,3),(46,7),(18,13),(64,16),(30,7),(8,10),(18,10),(11,20),(28,4),(56,13),(27,6),(10,7),(58,17),(5,8),(35,17),(20,11),(37,4),(5,22),(20,4),(58,2),(39,13),(59,4),(40,11),(13,14),
toll	(69,22),
top	(5,19),
tune	(58,15),
twice	(50,20),
unit	(69,16),
unpleased,	(62,8),
up	(1,6),(54,4),(46,21),(8,9),
upgrading	(10,23),
use	(28,5),(51,19),(40,12),(36,33),(36,26),(35,18),(64,17),(14,3),(4,7),
use,	(57,4),(58,3),
uses	(14,7),
using	(49,3),(5,13),(34,52),
version	(7,49),(7,56),
very	(31,7),(55,5),(56,6),(62,12),
vid	(49,4),
video	(11,15),(65,2),(7,30),(49,14),
videos	(31,3),
wall	(34,54),
wanted	(10,14),
was	(35,5),(10,22),(26,9),(67,24),(34,22),(34,10),(34,6),(33,29),(69,13),
wasn't	(13,5),
waster	(21,9),
watch	(53,5),
watching	(11,13),
weather	(30,12),
weight	(67,28),
well	(32,7),(43,9),(34,35),(44,20),
what	(17,8),
when	(5,10),(11,9),(5,24),
which	(69,12),
why	(5,4),
wife's	(26,12),
will	(53,9),(29,21),(18,8),(19,13),
wiser	(7,9),
with	(68,4),(58,29),(34,36),(27,15),
wonder	(5,3),
works	(65,4),
would	(25,9),(29,2),(50,26),
year	(16,12),
year,	(7,16),
you	(19,12),(36,24),(36,32),(66,2),(55,15),(53,8),(14,2),
you're	(11,10),
